0 2 3 4
0.1 4.89384 9.60566 4.85581
0.2 12.7233 22.8601 16.8132
0.3 16.5888 12.1648 42.8483
0.4 7.11912 -4.14529 35.1523
0.5 -0.545621 -4.84025 25.9049
0.6 -3.29136 -5.62487 20.8425
0.7 -5.72599 -8.8172 18.8539
0.8 -9.4404 -13.6548 22.1656
0.9 -12.4834 -13.4739 31.2246
1 -10.3551 -5.98851 33.8266
1.1 -6.0773 -2.65281 28.6416
1.2 -4.06225 -3.35092 23.1257
1.3 -4.42985 -5.72962 19.3147
1.4 -6.73744 -10.0486 18.6267
1.5 -10.7263 -14.8108 24.2466
1.6 -12.5904 -11.668 33.4339
1.7 -9.09957 -4.17513 32.8796
1.8 -5.0567 -2.38091 26.9206
1.9 -3.76023 -3.62553 21.6658
2 -4.63915 -6.43866 18.3714
2.1 -7.48249 -11.3522 18.8087
2.2 -11.7116 -15.4249 26.4364
2.3 -12.2891 -9.72605 34.6732
2.4 -7.94471 -3.01029 31.7551
2.5 -4.33073 -2.26715 25.5199
2.6 -3.56131 -3.83141 20.5066
2.7 -4.81173 -6.99972 17.6279
2.8 -8.084 -12.3908 19.0364
2.9 -12.4054 -15.634 28.2202
3 -11.9042 -8.15528 35.2518
3.1 -7.05159 -2.26725 30.8266
3.2 -3.80493 -2.13976 24.4882
3.3 -3.35713 -3.86215 19.6178
3.4 -4.82341 -7.24578 16.958
3.5 -8.37861 -13.0056 18.9276
3.6 -12.8333 -15.8483 29.1739
3.7 -11.7268 -7.27 35.6331
3.8 -6.52307 -1.74848 30.3774
3.9 -3.40539 -1.88152 23.9159
4 -3.05483 -3.59608 19.0247
4.1 -4.52787 -6.94471 16.269
4.2 -8.13072 -12.9188 18.0301
4.3 -12.9647 -16.4956 28.7018
4.4 -12.049 -7.46783 36.1865
4.5 -6.5301 -1.37136 30.7441
4.6 -3.12822 -1.41147 24.0075
4.7 -2.60018 -2.92895 18.8758
4.8 -3.79731 -5.8499 15.6408
4.9 -7.02313 -11.5531 16.103
5 -12.3488 -17.3777 25.5473
5.1 -13.1629 -9.81661 36.6792
5.2 -7.5773 -1.36373 32.5037
5.3 -3.15728 -0.678625 25.2134
5.4 -2.03333 -1.82908 19.5525
5.5 -2.61828 -3.86781 15.5215
5.6 -4.81668 -8.14392 13.8075
5.7 -9.59613 -15.6904 18.3036
5.8 -14.499 -16.2282 33.302
5.9 -10.7604 -3.47165 36.5103
6 -4.28227 0.33767 28.5628
6.1 -1.56899 -0.260929 21.8448
6.2 -1.13405 -1.18564 16.8019
6.3 -1.70554 -2.74035 13.0994
6.4 -3.51021 -6.3088 11.042
6.5 -7.884 -14.0992 13.5775
6.6 -14.7574 -19.9448 29.451
6.7 -12.5205 -4.98134 39.3389
6.8 -4.68191 1.72328 30.6577
6.9 -0.65747 1.53929 23.1523
7 0.619146 1.61325 17.751
7.1 1.56459 2.82215 13.8133
7.2 3.38378 6.12339 11.5378
7.3 7.55974 13.5009 13.5643
7.4 14.3312 19.8796 28.2537
7.5 12.861 6.10438 39.2881
7.6 5.26544 -1.35755 31.209
7.7 1.01964 -1.2763 23.5693
7.8 -0.251319 -1.12646 18.0283
7.9 -0.952706 -1.81185 13.8909
8 -2.12965 -3.90519 11.0214
8.1 -4.92854 -9.17592 10.4384
8.2 -11.0936 -18.8313 18.2348
8.3 -15.6951 -14.8672 37.8838
8.4 -9.21497 0.269171 35.9959
8.5 -2.05262 2.2253 26.813
8.6 0.436185 1.99702 20.4466
8.7 1.61281 2.94395 15.8986
8.8 3.34611 5.87774 13.1301
8.9 7.09922 12.4072 14.2565
9 13.3529 19.0553 26.338
9.1 13.3079 8.29505 38.4739
9.2 6.49754 -0.275702 32.1334
9.3 1.94164 -0.528227 24.4111
9.4 0.69963 0.112541 18.6702
9.5 0.580196 0.684338 14.318
9.6 0.991451 1.69268 11.044
9.7 2.22222 4.16931 8.85988
9.8 5.45656 10.4259 9.20468
9.9 12.5916 21.0211 20.2504
10 15.4299 11.7199 40.5203
10.1 7.50491 -1.95026 34.6168
10.2 0.898663 -2.83002 25.6839
10.3 -1.33867 -3.00053 19.7959
10.4 -2.90526 -4.92608 15.9135
10.5 -5.69736 -9.65754 14.9353
10.6 -10.8461 -16.7319 21.4642
10.7 -14.0867 -13.4396 35.3332
10.8 -9.3698 -2.39252 34.7207
10.9 -3.78713 -0.216638 27.056
11 -1.85921 -1.09089 20.8451
11.1 -1.9202 -2.5556 16.2396
11.2 -3.29863 -5.50405 13.3296
11.3 -6.77871 -11.7821 14.0153
11.4 -12.9257 -18.922 25.0859
11.5 -13.6532 -9.41466 38.2815
11.6 -7.05529 -0.00548996 32.7481
11.7 -2.18297 0.511375 24.8996
11.8 -0.808694 -0.170089 19.0446
11.9 -0.686761 -0.824242 14.6135
12 -1.17406 -2.00007 11.3022
12.1 -2.61058 -4.8721 9.211
12.2 -6.31368 -11.8946 10.3026
12.3 -13.7609 -21.5164 23.8825
12.4 -14.296 -8.52329 40.8881
12.5 -6.08799 2.18836 33.0556
12.6 -0.568238 2.50159 24.7195
12.7 1.29424 2.76821 19.0658
12.8 2.7673 4.7295 15.2791
12.9 5.5432 9.52811 14.2914
13 10.8283 16.9875 20.8988
13.1 14.3369 13.7883 35.5953
13.2 9.43018 2.09647 35.0174
13.3 3.58246 -0.13883 27.0952
13.4 1.54346 0.652908 20.7855
13.5 1.43218 1.80338 16.0611
13.6 2.40781 4.01941 12.7715
13.7 5.06896 9.07884 11.8949
13.8 10.7989 17.8963 18.8631
13.9 15.2343 14.9375 36.6386
14 9.54569 0.857734 35.9293
14.1 2.75992 -1.442 27.1287
14.2 0.359373 -0.974338 20.6428
14.3 -0.411259 -1.07766 15.8208
14.4 -1.08638 -2.02428 12.2214
14.5 -2.48975 -4.65096 9.87504
14.6 -5.94678 -11.1538 10.4577
14.7 -13.0476 -20.8774 22.3292
14.8 -14.7554 -10.2781 40.2914
14.9 -6.98289 1.64437 33.8094
15 -1.04778 2.27475 25.2393
15.1 0.907589 2.3194 19.3654
15.2 2.18414 3.81352 15.2592
15.3 4.459 7.78658 13.3643
15.4 9.1959 15.3742 17.3281
15.5 14.5824 17.0632 32.5753
15.6 11.1608 3.79764 37.0949
15.7 4.39538 -0.583947 29.0222
15.8 1.41409 -0.0790694 22.1328
15.9 0.803799 0.640452 16.9705
16 1.06696 1.63933 13.0841
16.1 2.15152 3.87271 10.3976
16.2 4.99617 9.34896 10.0008
16.3 11.3621 19.3133 18.3834
16.4 15.767 14.4228 38.5264
16.5 8.92168 -0.72532 35.7961
16.6 1.7649 -2.44033 26.5825
16.7 -0.695866 -2.30503 20.3145
16.8 -1.9918 -3.52706 15.9198
16.9 -4.04398 -7.02933 13.5815
17 -8.34506 -14.1401 16.2353
17.1 -14.1374 -17.991 30.1941
17.2 -12.0103 -5.5138 37.6998
17.3 -5.24476 0.347234 30.214
17.4 -1.73837 0.0538593 23.0502
17.5 -0.966003 -0.743888 17.6836
17.6 -1.23621 -1.86236 13.6599
17.7 -2.43043 -4.32175 10.9435
17.8 -5.52168 -10.1878 10.8774
17.9 -12.0633 -19.734 20.5197
18 -15.1842 -12.5242 39.0478
18.1 -8.15339 0.762956 34.7933
18.2 -1.72093 1.98043 25.9936
18.3 0.406924 1.77486 19.8459
18.4 1.46163 2.68617 15.3955
18.5 3.08385 5.47544 12.5987
18.6 6.68748 11.8751 13.3634
18.7 13.1067 19.4188 24.9619
18.8 13.7749 9.22211 38.7863
18.9 6.85971 -0.423684 32.7885
19 1.86951 -0.884857 24.8128
19.1 0.413164 -0.375795 18.9489
19.2 0.040391 -0.222413 14.5083
19.3 -0.121261 -0.307328 11.1137
19.4 -0.344718 -0.683629 8.52256
19.5 -0.890228 -1.76325 6.59234
19.6 -2.38905 -4.81361 5.50846
19.7 -6.53249 -12.9723 7.64951
19.8 -15.2819 -23.9392 25.5003
19.9 -13.632 -4.73924 43.054
20 -3.83061 4.42221 32.1655
20.1 1.3782 4.40595 24.4111
20.2 3.52051 5.66769 19.8447
20.3 6.03888 9.35996 18.3713
20.4 10.0369 14.4244 22.7953
20.5 12.745 12.9291 32.5018
20.6 9.83945 4.93498 33.6761
20.7 5.46214 2.27763 27.8614
20.8 3.72469 3.2442 22.3283
20.9 4.287 5.75861 18.6039
21 6.79117 10.3473 18.1372
21.1 11.0418 15.3223 24.4661
21.2 12.7517 11.3907 34.1203
21.3 8.82839 3.59035 32.8634
21.4 4.67539 2.04127 26.5603
21.5 3.43876 3.33634 21.1994
21.6 4.32777 6.11722 17.7771
21.7 7.19097 11.1556 17.9746
21.8 11.7073 15.9012 25.7189
21.9 12.6489 10.2033 35.0646
22 8.09128 2.73773 32.2506
22.1 4.1263 1.81738 25.6964
22.2 3.16338 3.24596 20.4062
22.3 4.20014 6.12689 17.0805
22.4 7.23696 11.4369 17.4876
22.5 12.0083 16.3735 25.9658
22.6 12.7451 9.84957 35.6379
22.7 7.80871 2.2297 32.1841
22.8 3.77255 1.48414 25.393
22.9 2.82307 2.87375 20.0077
23 3.78715 5.59645 16.4971
23.1 6.70772 10.851 16.402
23.2 11.7306 16.7742 24.4407
23.3 13.2892 10.9816 35.8515
23.4 8.273 2.11556 33.0657
23.5 3.67619 0.957858 25.9123
23.6 2.39016 2.13572 20.1991
23.7 3.00244 4.35162 16.1933
23.8 5.35472 8.86619 14.7847
23.9 10.1937 16.0366 20.1141
24 14.1806 14.7218 34.1638
24.1 10.0955 3.16465 35.4704
24.2 4.20888 0.191762 27.8546
24.3 1.94096 0.9637 21.447
24.4 1.84722 2.34214 16.6724
24.5 3.06001 5.04008 13.5344
24.6 6.23448 10.8652 13.5821
24.7 12.2254 18.6195 23.1304
24.8 14.17 11.1882 37.8412
24.9 7.91642 0.416225 33.7359
25 2.50302 -0.606382 25.6658
25.1 0.860756 0.0742131 19.6161
25.2 0.641977 0.694077 15.0441
25.3 1.03167 1.71891 11.606
25.4 2.25186 4.17999 9.30136
25.5 5.44269 10.3285 9.53429
25.6 12.4358 20.7137 20.1896
25.7 15.422 12.021 40.1808
25.8 7.69866 -1.69185 34.7123
25.9 1.0846 -2.66289 25.7732
26 -1.14273 -2.74933 19.8114
26.1 -2.60691 -4.46986 15.7816
26.2 -5.17937 -8.87291 14.3564
26.3 -10.1752 -16.2408 19.7601
26.4 -14.3549 -14.9593 34.3758
26.5 -10.117 -2.91671 35.6795
26.6 -4.03923 0.0746075 27.8484
26.7 -1.70604 -0.655297 21.3715
26.8 -1.50356 -1.82575 16.5216
26.9 -2.45007 -4.03504 13.1404
27 -5.07367 -9.02063 12.1837
27.1 -10.6984 -17.6632 18.9128
27.2 -15.1428 -15.0194 36.3176
27.3 -9.65031 -1.12702 35.9504
27.4 -2.92585 1.28432 27.2376
27.5 -0.524823 0.774352 20.7292
27.6 0.17152 0.708488 15.8707
27.7 0.632675 1.23659 12.192
27.8 1.49496 2.82243 9.52474
27.9 3.65492 7.0323 8.3848
28 8.99528 16.5633 13.0396
28.1 16.3589 19.9448 34.0356
28.2 11.2434 0.606854 39.1281
28.3 2.33623 -3.50255 28.756
28.4 -1.18557 -3.40475 21.9873
28.5 -2.93551 -4.9277 17.6266
28.6 -5.49082 -9.03829 16.084
28.7 -10.0759 -15.4457 20.9955
28.8 -13.6765 -14.1994 33.4695
28.9 -10.0899 -3.90891 34.9474
29 -4.70797 -0.921297 27.9573
29.1 -2.58357 -1.77079 21.7682
29.2 -2.74023 -3.63779 17.2554
29.3 -4.54937 -7.36424 14.9297
29.4 -8.67692 -14.0984 17.7584
29.5 -13.7715 -16.8285 30.5899
29.6 -11.6341 -5.68188 36.7266
29.7 -5.49319 -0.427815 29.869
29.8 -2.33815 -0.806239 23.0193
29.9 -1.86649 -2.08356 17.8634
30 -2.8044 -4.4395 14.3193
30.1 -5.50544 -9.51175 13.475
30.2 -10.9954 -17.4746 20.5257
30.3 -14.6146 -13.854 36.2144
30.4 -9.30326 -1.52515 35.163
30.5 -3.21413 0.579296 26.9394
30.6 -1.11753 -0.114128 20.5829
30.7 -0.808252 -0.849693 15.7971
30.8 -1.25488 -2.05573 12.2229
30.9 -2.67214 -4.89891 9.94361
31 -6.29337 -11.7171 10.8515
31.1 -13.4925 -21.0293 23.7053
31.2 -14.3325 -9.07129 40.4131
31.3 -6.43731 1.76689 33.1965
31.4 -0.90208 2.17335 24.8422
31.5 0.912283 2.25636 19.0706
31.6 2.15888 3.77405 15.0221
31.7 4.43623 7.77912 13.1627
31.8 9.21556 15.4655 17.1968
31.9 14.6644 17.1455 32.7004
32 11.1467 3.64555 37.1667
32.1 4.30009 -0.701818 28.9827
32.2 1.30875 -0.203516 22.0819
32.3 0.660965 0.430226 16.9169
32.4 0.812788 1.21061 13.0049
32.5 1.6165 2.90564 10.172
32.6 3.78765 7.17513 8.95807
32.7 9.11007 16.5699 13.663
32.8 16.1886 19.4771 34.1074
32.9 11.1745 0.904909 38.8179
33 2.54332 -3.15111 28.692
33.1 -0.882188 -2.9984 21.8709
33.2 -2.49657 -4.2959 17.322
33.3 -4.7969 -8.04285 15.2376
33.4 -9.20732 -14.7605 18.8549
33.5 -13.8687 -15.9838 31.9261
33.6 -11.0491 -4.80939 36.1618
33.7 -5.09156 -0.505475 29.0964
33.8 -2.33748 -1.07623 22.4764
33.9 -2.08304 -2.51175 17.5255
34 -3.28122 -5.2723 14.3033
34.1 -6.45826 -11.0419 14.4178
34.2 -12.2318 -18.201 23.8505
34.3 -13.861 -10.831 37.4196
34.4 -7.86252 -0.782593 33.3976
34.5 -2.75381 0.174075 25.5744
34.6 -1.26405 -0.66198 19.6135
34.7 -1.31211 -1.77301 15.1452
34.8 -2.34496 -4.01602 12.0466
34.9 -5.09443 -9.25008 11.3565
35 -11.0521 -18.4093 18.8987
35.1 -15.3795 -14.6223 37.3419
35.2 -9.27535 -0.307271 35.8022
35.3 -2.42002 1.73021 26.8733
35.4 -0.0400257 1.35309 20.457
35.5 0.872371 1.78866 15.7372
35.6 1.96009 3.53568 12.384
35.7 4.36587 8.00102 11.0638
35.8 9.74239 16.8609 16.3545
35.9 15.5626 17.3521 34.8579
36 10.6228 1.53051 37.4011
36.1 3.05796 -1.92607 28.1787
36.2 0.117774 -1.55859 21.3953
36.3 -0.951639 -1.96857 16.4676
36.4 -2.11468 -3.77319 12.9999
36.5 -4.60932 -8.34284 11.7226
36.6 -10.018 -17.0083 17.3478
36.7 -15.3438 -16.5363 35.1946
36.8 -10.3485 -1.60312 36.8684
36.9 -3.14952 1.55308 27.9235
37 -0.405899 1.108 21.2164
37.1 0.473016 1.21909 16.2636
37.2 1.22395 2.25999 12.5886
37.3 2.76525 5.12665 10.2774
37.4 6.49651 12.0299 11.335
37.5 13.6558 20.8923 24.526
37.6 14.0694 8.52398 40.2588
37.7 6.22588 -1.682 32.857
37.8 0.932906 -1.99602 24.6342
37.9 -0.780296 -2.03751 18.8912
38 -1.9271 -3.40594 14.801
38.1 -4.01419 -7.10218 12.692
38.2 -8.53871 -14.6709 15.8018
38.3 -14.5711 -18.3063 31.0332
38.4 -11.8394 -4.58565 38.0036
38.5 -4.69836 0.898536 29.8581
38.6 -1.24756 0.550517 22.6834
38.7 -0.37537 0.0820489 17.3517
38.8 -0.231729 -0.19657 13.2907
38.9 -0.352503 -0.581582 10.1889
39 -0.792391 -1.50088 7.85437
39.1 -2.02042 -3.99592 6.34476
39.2 -5.39872 -10.7077 7.20531
39.3 -13.2464 -22.5863 20.0276
39.4 -15.5302 -10.4236 42.1919
39.5 -6.60437 3.27126 34.3267
39.6 0.0736909 3.81734 25.4586
39.7 2.4422 4.43503 20.0406
39.8 4.54518 7.31931 17.1655
39.9 8.19404 12.8576 18.885
40 12.7056 15.8818 28.8381
40.1 11.8219 7.56819 35.6049
40.2 6.68297 1.85247 30.5667
40.3 3.48846 1.89883 24.0995
40.4 3.08868 3.59599 19.1798
40.5 4.53109 6.91378 16.3902
40.6 8.0898 12.8237 18.0686
40.7 12.8931 16.447 28.5565
40.8 12.0737 7.61116 36.1185
40.9 6.61609 1.45953 30.8106
41 3.19754 1.46364 24.0927
41.1 2.66126 2.99466 18.9664
41.2 3.87285 5.94926 15.7589
41.3 7.12329 11.6666 16.3156
41.4 12.3984 17.2887 25.843
41.5 13.0557 9.60619 36.6185
41.6 7.49341 1.39507 32.3411
41.7 3.17862 0.776221 25.1181
41.8 2.11462 1.96701 19.51
41.9 2.76837 4.11251 15.5566
42 5.09618 8.59063 14.0668
42.1 10.0148 16.1115 19.2196
42.2 14.4517 15.4025 34.1131
42.3 10.3191 3.01841 35.9747
42.4 4.07335 -0.211425 28.058
42.5 1.61417 0.471132 21.4965
42.6 1.31827 1.52069 16.5742
42.7 2.0919 3.42125 13.0462
42.8 4.33977 7.77386 11.5388
42.9 9.47482 16.3115 16.2889
43 15.3352 17.5984 33.9658
43.1 10.9093 2.24218 37.5523
43.2 3.45381 -1.64089 28.5415
43.3 0.431856 -1.23124 21.6587
43.4 -0.540487 -1.35841 16.6075
43.5 -1.36456 -2.4976 12.884
43.6 -3.04425 -5.60548 10.6393
43.7 -7.04091 -12.8688 12.2277
43.8 -14.1559 -20.661 26.5784
43.9 -13.4277 -6.98983 40.0051
44 -5.56032 1.70234 31.9545
44.1 -0.824198 1.77505 24.0389
44.2 0.688634 1.82029 18.4299
44.3 1.73284 3.09391 14.3837
44.4 3.67216 6.56627 12.1487
44.5 8.00169 14.0294 14.6226
44.6 14.4504 19.1783 29.563
44.7 12.3944 5.40159 38.6915
44.8 5.01553 -1.11571 30.5893
44.9 1.14948 -0.908619 23.1699
45 0.0702753 -0.601293 17.714
45.1 -0.357311 -0.811452 13.5791
45.2 -0.899388 -1.70179 10.47
45.3 -2.16401 -4.14848 8.40367
45.4 -5.43339 -10.4728 8.8349
45.5 -12.6984 -21.2999 20.177
45.6 -15.4724 -11.5353 40.8282
45.7 -7.36177 2.19728 34.5802
45.8 -0.723078 3.01515 25.6369
45.9 1.54182 3.26868 19.8207
46 3.21591 5.3955 16.0986
46.1 6.21623 10.4077 15.6038
46.2 11.421 16.97 23.152
46.3 13.7039 11.9856 35.8853
46.4 8.68433 2.06899 33.7942
46.5 3.62177 0.538876 26.3491
46.6 2.05718 1.5595 20.3951
46.7 2.38944 3.36285 16.0658
46.8 4.23296 7.08465 13.7837
46.9 8.4912 14.2179 16.5778
47 14.121 17.7206 30.4609
47.1 11.8807 5.40123 37.4855
47.2 5.22067 -0.228533 30.0552
47.3 1.82092 0.102228 22.9646
47.4 1.11918 0.985632 17.6437
47.5 1.5178 2.33742 13.6924
47.6 3.01289 5.35456 11.2294
47.7 6.74931 12.2218 12.3443
47.8 13.6207 20.2994 25.3134
47.9 13.7805 8.32152 39.6725
48 6.2596 -1.23386 32.5554
48.1 1.24645 -1.50885 24.4964
48.2 -0.300523 -1.33604 18.7276
48.3 -1.11812 -2.09978 14.4579
48.4 -2.4469 -4.43613 11.5792
48.5 -5.53809 -10.1543 11.3986
48.6 -11.9205 -19.3699 20.6647
48.7 -15.072 -12.6731 38.6137
48.8 -8.31065 0.399469 34.8065
48.9 -1.96494 1.71521 26.0896
49 0.125456 1.40311 19.8933
49.1 1.02213 1.9931 15.3326
49.2 2.24457 4.0413 12.1735
49.3 5.00429 9.14143 11.3956
49.4 10.9049 18.2377 18.6643
49.5 15.3977 14.9099 37.0907
49.6 9.42459 0.45206 35.9552
49.7 2.50573 -1.71874 27.0065
49.8 0.078835 -1.33069 20.5526
49.9 -0.831339 -1.73013 15.8036
50 -1.88317 -3.40126 12.41
50.1 -4.19796 -7.70279 10.965
50.2 -9.42746 -16.4546 15.7661
50.3 -15.5425 -17.9542 34.1235
50.4 -10.9372 -1.90121 37.801
50.5 -3.22972 1.97867 28.5316
50.6 -0.132075 1.62585 21.647
50.7 0.9853 2.03546 16.6659
50.8 2.17754 3.87124 13.1756
50.9 4.71464 8.49888 11.9406
51 10.1518 17.1047 17.7541
51.1 15.2674 16.1843 35.3845
51.2 10.211 1.57456 36.6437
51.3 3.15119 -1.43065 27.7911
51.4 0.49239 -0.957707 21.1256
51.5 -0.318102 -0.97149 16.1811
51.6 -0.929745 -1.75386 12.4705
51.7 -2.13574 -3.98932 9.93128
51.8 -5.11519 -9.66773 9.74656
51.9 -11.7181 -19.8427 18.882
52 -15.7167 -13.6734 39.1895
52.1 -8.51944 1.12559 35.4512
52.2 -1.50047 2.56049 26.2978
52.3 0.887647 2.50808 20.1409
52.4 2.2602 3.93807 15.8876
52.5 4.53761 7.83479 13.9136
52.6 9.17119 15.1628 17.7316
52.7 14.3665 16.7921 32.3117
52.8 11.1651 4.15593 36.8613
52.9 4.62845 -0.26416 29.0887
53 1.69274 0.259085 22.2507
53.1 1.18596 1.20254 17.1178
53.2 1.74183 2.76904 13.3509
53.3 3.54192 6.33201 11.2535
53.4 7.89106 14.055 13.7533
53.5 14.6855 19.812 29.4101
53.6 12.5183 5.11227 39.2277
53.7 4.76986 -1.60064 30.6741
53.8 0.760947 -1.41657 23.1731
53.9 -0.480799 -1.41284 17.75
54 -1.32457 -2.42475 13.752
54.1 -2.89814 -5.27641 11.2365
54.2 -6.58764 -11.993 12.1843
54.3 -13.4478 -20.2897 24.7572
54.4 -13.9491 -8.79382 39.6619
54.5 -6.47757 1.17507 32.8152
54.6 -1.31223 1.53816 24.6766
54.7 0.289615 1.35096 18.8612
54.8 1.11785 2.10318 14.5602
54.9 2.44333 4.4242 11.6566
55 5.51684 10.105 11.4395
55.1 11.8652 19.2949 20.5847
55.2 15.0816 12.7848 38.522
55.3 8.37291 -0.336086 34.8568
55.4 2.00814 -1.69264 26.1361
55.5 -0.0925238 -1.36752 19.9256
55.6 -0.975678 -1.92113 15.3487
55.7 -2.15518 -3.88615 12.1528
55.8 -4.81566 -8.81737 11.2262
55.9 -10.5941 -17.921 17.9551
56 -15.5076 -15.6261 36.6051
56.1 -9.7518 -0.65416 36.3606
56.2 -2.61316 1.81907 27.3002
56.3 -0.0474096 1.44345 20.7656
56.4 0.925058 1.8895 15.982
56.5 2.06168 3.7014 12.6071
56.6 4.55244 8.29768 11.3746
56.7 10.0198 17.1302 17.0693
56.8 15.4727 16.6939 35.355
56.9 10.3452 1.38171 36.9796
57 3.00892 -1.74877 27.8982
57.1 0.226065 -1.34441 21.1941
57.2 -0.743007 -1.63471 16.2797
57.3 -1.72686 -3.12056 12.7282
57.4 -3.8279 -7.0138 10.9653
57.5 -8.65258 -15.3283 14.5906
57.6 -15.2669 -19.1385 31.9719
57.7 -11.7133 -3.20977 38.6666
57.8 -3.8477 1.92183 29.5158
57.9 -0.33582 1.61302 22.344
58 0.850801 1.88132 17.1727
58.1 1.9446 3.46364 13.4836
58.2 4.1942 7.56493 11.7939
58.3 9.16514 15.8284 16.0198
58.4 15.1631 17.9561 33.0997
58.5 11.211 2.86715 37.7915
58.6 3.77976 -1.4875 28.9325
58.7 0.625606 -1.07942 21.9481
58.8 -0.324422 -1.05425 16.8069
58.9 -0.980404 -1.84363 12.959
59 -2.22293 -4.12156 10.3383
59.1 -5.25006 -9.84797 10.1773
59.2 -11.8286 -19.7916 19.4613
59.3 -15.5252 -13.2834 39.1186
59.4 -8.40524 0.96849 35.2299
59.5 -1.59716 2.33815 26.2042
59.6 0.699006 2.22646 20.039
59.7 1.95236 3.46014 15.6939
59.8 3.98835 6.96237 13.3682
59.9 8.29809 14.134 15.9991
60 14.1899 18.1665 30.1198
60.1 12.0659 5.48882 37.8461
60.2 5.20707 -0.463642 30.2653
60.3 1.6485 -0.182622 23.0602
60.4 0.830602 0.541203 17.673
60.5 0.996486 1.46168 13.6087
60.6 1.93566 3.43872 10.727
60.7 4.43887 8.2957 9.82389
60.8 10.2642 17.9699 16.2268
60.9 16.039 16.8872 36.5944
61 10.0711 0.106798 37.1239
61.1 2.23988 -2.60699 27.5417
61.2 -0.621686 -2.41225 20.9982
61.3 -1.98898 -3.5357 16.4448
61.4 -3.9979 -6.89628 13.9582
61.5 -8.15183 -13.759 16.2654
61.6 -13.8844 -17.9446 29.5215
61.7 -12.1872 -6.1381 37.616
61.8 -5.58766 0.0876856 30.5295
61.9 -1.9749 -0.125503 23.3421
62 -1.19951 -1.03876 17.9416
62.1 -1.59982 -2.44201 13.9405
62.2 -3.13993 -5.54868 11.4841
62.3 -6.95956 -12.5099 12.7824
62.4 -13.7631 -20.1268 26.0546
62.5 -13.539 -7.82485 39.5073
62.6 -6.06233 1.17029 32.2237
62.7 -1.26632 1.35422 24.2859
62.8 0.184958 1.13652 18.5619
62.9 0.902891 1.74398 14.2916
63 2.01935 3.69121 11.2914
63.1 4.64199 8.6299 10.422
63.2 10.5177 18.1131 17.1635
63.3 15.8066 16.1127 36.842
63.4 9.82103 0.235072 36.6692
63.5 2.34207 -2.26351 27.3345
63.6 -0.352715 -1.99942 20.8152
63.7 -1.55045 -2.86034 16.1635
63.8 -3.21897 -5.64424 13.2646
63.9 -6.81457 -11.9331 14.0306
64 -13.0192 -18.9934 25.333
64.1 -13.5928 -9.17738 38.3649
64.2 -6.92955 0.081711 32.6294
64.3 -2.11315 0.538602 24.7963
64.4 -0.761364 -0.124323 18.9628
64.5 -0.624691 -0.730818 14.545
64.6 -1.05674 -1.79558 11.2285
64.7 -2.3517 -4.39666 9.04962
64.8 -5.73121 -10.8901 9.60277
64.9 -12.9719 -21.2133 21.4273
65 -15.0642 -10.6834 40.6761
65.1 -7.06119 1.98819 34.1147
65.2 -0.827412 2.66988 25.3847
65.3 1.2708 2.8488 19.5561
65.4 2.77432 4.72936 15.6625
65.5 5.49858 9.39284 14.5504
65.6 10.6559 16.6965 20.7889
65.7 14.2593 13.9898 35.1841
65.8 9.59948 2.42364 35.0922
65.9 3.78297 0.0126952 27.2859
66 1.7075 0.820716 20.9668
66.1 1.63756 2.09648 16.2495
66.2 2.76026 4.59537 13.0662
66.3 5.74026 10.1559 12.7254
66.4 11.7241 18.5628 21.3531
66.5 14.6854 12.6352 37.6676
66.6 8.52152 0.443048 34.6147
66.7 2.52557 -1.01098 26.2191
66.8 0.580112 -0.448494 19.9938
66.9 0.0925133 -0.224506 15.3048
67 -0.0789033 -0.254316 11.7227
67.1 -0.260806 -0.527662 8.98483
67.2 -0.67471 -1.33332 6.91915
67.3 -1.79756 -3.61497 5.55999
67.4 -4.93809 -9.93814 6.21518
67.5 -12.6221 -22.3244 17.8279
67.6 -16.273 -12.1833 42.1301
67.7 -7.295 3.47237 35.084
67.8 0.100834 4.25166 25.8544
67.9 2.71556 4.87777 20.4726
68 4.95216 7.8467 17.8425
68.1 8.63779 13.1733 20.0763
68.2 12.6558 15.0474 29.7782
68.3 11.2999 6.9748 34.9698
68.4 6.47172 2.17153 29.8804
68.5 3.71667 2.44598 23.7674
68.6 3.59298 4.3902 19.2191
68.7 5.37264 8.15693 17.1306
68.8 9.24474 13.9983 20.3941
68.9 13.1044 14.8102 31.2213
69 10.8592 5.75324 35.0373
69.1 5.7822 1.68905 29.1044
69.2 3.30762 2.27017 22.9612
69.3 3.35658 4.2685 18.4728
69.4 5.24306 8.15702 16.4397
69.5 9.31684 14.356 19.9575
69.6 13.4021 15.137 31.634
69.7 10.8652 5.31131 35.3992
69.8 5.48079 1.25292 29.0102
69.9 2.94767 1.86603 22.6957
70 2.92446 3.70742 18.0428
70.1 4.63292 7.32718 15.5984
70.2 8.57713 13.7383 18.1411
70.3 13.4654 16.5246 30.1068
70.4 11.6819 6.22713 36.401
70.5 5.83954 0.852715 30.0476
70.6 2.69104 1.17008 23.2987
70.7 2.27588 2.62605 18.2131
70.8 3.43518 5.40297 14.9149
70.9 6.57261 11.0683 15.019
71 12.1482 17.8231 24.1761
71.1 13.6713 10.7529 37.0229
71.2 7.91724 1.11898 33.2379
71.3 2.98725 0.152697 25.5965
71.4 1.5832 1.10348 19.7018
71.5 1.81971 2.5742 15.3416
71.6 3.30635 5.64955 12.6464
71.7 6.99143 12.2852 13.7273
71.8 13.3885 19.3685 25.9501
71.9 13.4729 8.42065 38.7695
72 6.49592 -0.496936 32.3089
72.1 1.78625 -0.780714 24.4754
72.2 0.452371 -0.255203 18.6999
72.3 0.15306 -0.0198335 14.3188
72.4 0.120481 0.130774 10.9677
72.5 0.216651 0.382654 8.40406
72.6 0.526087 1.02727 6.45912
72.7 1.40659 2.84054 5.10587
72.8 3.92269 7.99094 5.1415
72.9 10.5792 19.9384 13.0025
73 17.6272 17.6919 39.6667
73.1 9.45834 -3.45659 37.3317
73.2 0.101058 -5.2284 26.9343
73.3 -3.1936 -5.74291 21.5447
73.4 -5.64393 -8.63911 19.337
73.5 -9.18164 -13.2108 22.1371
73.6 -12.2342 -13.4858 30.5705
73.7 -10.5119 -6.55236 33.6652
73.8 -6.42739 -2.99358 28.9531
73.9 -4.33826 -3.54316 23.5579
74 -4.63233 -5.87257 19.8004
74.1 -6.86187 -10.0543 19.1506
74.2 -10.6553 -14.4816 24.541
74.3 -12.3722 -11.4746 33.1006
74.4 -9.08555 -4.45419 32.6156
74.5 -5.25797 -2.70375 26.9373
74.6 -4.03852 -3.96878 21.8689
74.7 -4.98618 -6.86606 18.8141
74.8 -7.87292 -11.6978 19.6773
74.9 -11.8061 -14.9553 27.3877
75 -11.8706 -9.02694 34.3678
75.1 -7.65818 -3.14944 31.1084
75.2 -4.44618 -2.69657 25.1675
75.3 -3.92967 -4.43032 20.4844
75.4 -5.42142 -7.87684 18.1469
75.5 -8.88264 -13.1718 20.6303
75.6 -12.5757 -14.59 30.0522
75.7 -11.0713 -6.81751 34.5946
75.8 -6.44553 -2.39998 29.597
75.9 -3.88841 -2.75903 23.684
76 -3.89072 -4.82571 19.348
76.1 -5.82362 -8.77173 17.6625
76.2 -9.75473 -14.3428 21.675
76.3 -12.989 -13.7924 32.1071
76.4 -10.2741 -5.16804 34.327
76.5 -5.53246 -1.94426 28.366
76.6 -3.47632 -2.75194 22.5343
76.7 -3.80827 -5.02382 18.4272
76.8 -6.04125 -9.34348 17.1734
76.9 -10.3265 -15.1484 22.2969
77 -13.2246 -13.1908 33.3881
77.1 -9.73994 -4.13082 34.1162
77.2 -4.92475 -1.57703 27.6182
77.3 -3.11737 -2.56821 21.7871
77.4 -3.57196 -4.86817 17.7134
77.5 -5.89082 -9.31708 16.4686
77.6 -10.3957 -15.5369 21.8489
77.7 -13.5106 -13.4702 33.8128
77.8 -9.74551 -3.72323 34.4361
77.9 -4.64348 -1.15418 27.5687
78 -2.74845 -2.11027 21.5636
78.1 -3.07957 -4.18936 17.2669
78.2 -5.16117 -8.32054 15.4399
78.3 -9.58486 -15.0642 19.596
78.4 -13.8598 -15.3445 32.6166
78.5 -10.6819 -4.38211 35.7295
78.6 -4.9031 -0.620625 28.6371
78.7 -2.39294 -1.30071 22.1729
78.8 -2.28586 -2.87431 17.3701
78.9 -3.69033 -5.96436 14.423
79 -7.22318 -12.186 15.3928
79.1 -12.9764 -18.1625 26.4023
79.2 -13.1153 -8.72562 37.5878
79.3 -6.88275 -0.498365 32.0905
79.4 -2.51927 -0.152691 24.6109
79.5 -1.42555 -1.11234 18.9354
79.6 -1.76102 -2.58593 14.7418
79.7 -3.31521 -5.74912 12.1918
79.8 -7.13942 -12.6316 13.5467
79.9 -13.6977 -19.6375 26.5642
80 -13.329 -7.72726 39.0464
80.1 -6.11092 0.822311 32.0052
80.2 -1.51616 0.975214 24.2003
80.3 -0.1954 0.575672 18.4873
80.4 0.247857 0.665539 14.1639
80.5 0.688711 1.31963 10.8901
80.6 1.65509 3.16728 8.56695
80.7 4.1574 8.07923 7.96521
80.8 10.2699 18.5994 14.743
80.9 16.7008 17.5749 37.5352
81 9.97563 -1.19923 37.4801
81.1 1.44191 -3.66359 27.385
81.2 -1.62652 -3.7413 21.1275
81.3 -3.4804 -5.74536 17.2716
81.4 -6.45671 -10.5115 16.7897
81.5 -11.3039 -16.293 23.9072
81.6 -13.263 -11.6141 35.1761
81.7 -8.6907 -2.69544 33.3391
81.8 -4.05599 -1.20225 26.3683
81.9 -2.66758 -2.37968 20.6527
82 -3.29654 -4.71148 16.6935
82.1 -5.74294 -9.35278 15.5345
82.2 -10.5538 -16.1141 21.3785
82.3 -13.8768 -13.6948 34.5047
82.4 -9.66176 -3.0783 34.7509
82.5 -4.21686 -0.599412 27.4068
82.6 -2.2458 -1.50291 21.2318
82.7 -2.40576 -3.23657 16.706
82.8 -4.09207 -6.73694 14.1765
82.9 -8.08313 -13.5182 16.3137
83 -13.735 -17.8648 29.1505
83.1 -12.2741 -6.49628 37.5185
83.2 -5.7916 -0.0880606 30.696
83.3 -2.12797 -0.249283 23.5102
83.4 -1.35421 -1.23471 18.0986
83.5 -1.83864 -2.81907 14.1274
83.6 -3.59528 -6.31949 11.881
83.7 -7.81955 -13.7781 14.1531
83.8 -14.4025 -19.4892 28.9846
83.9 -12.6024 -5.71352 38.9509
84 -5.13027 1.21395 30.8634
84.1 -1.09927 1.06208 23.3481
84.2 0.0626378 0.821066 17.8516
84.3 0.606397 1.23228 13.7068
84.4 1.4188 2.63841 10.6691
84.5 3.35562 6.3642 9.09556
84.6 8.11578 14.9812 12.3587
84.7 15.6356 20.841 30.9136
84.8 12.1695 2.91953 40.0041
84.9 3.47759 -2.94606 30.0374
85 -0.469775 -2.76944 22.7531
85.1 -2.06867 -3.68705 17.8215
85.2 -4.02812 -6.78638 15.0487
85.3 -7.90131 -13.0972 16.791
85.4 -13.3195 -17.4581 28.5081
85.5 -12.3578 -7.26208 37.0837
85.6 -6.26178 -0.623972 30.9806
85.7 -2.56368 -0.65982 23.884
85.8 -1.8294 -1.85127 18.5
85.9 -2.57251 -3.96485 14.7009
86 -4.94361 -8.51198 13.2792
86.1 -10.0351 -16.4365 18.6187
86.2 -14.7552 -15.7668 34.5009
86.3 -10.3253 -2.54476 36.2834
86.4 -3.76176 0.662454 28.004
86.5 -1.21064 0.0494559 21.3663
86.6 -0.729886 -0.629613 16.3821
86.7 -1.01986 -1.60425 12.6267
86.8 -2.10628 -3.82856 10.0315
86.9 -4.95992 -9.34069 9.68824
87 -11.4027 -19.4847 18.2062
87.1 -15.8597 -14.4305 38.7493
87.2 -8.86923 0.934515 35.819
87.3 -1.63145 2.60193 26.5464
87.4 0.858617 2.52209 20.3167
87.5 2.24227 3.91257 16.0161
87.6 4.49262 7.74595 13.9795
87.7 9.0679 15.0059 17.6238
87.8 14.3087 16.8973 32.0288
87.9 11.2662 4.36863 36.9217
88 4.73964 -0.215738 29.2299
88.1 1.74885 0.285819 22.3663
88.2 1.23034 1.25115 17.2135
88.3 1.80425 2.86392 13.442
88.4 3.6562 6.52086 11.3914
88.5 8.09461 14.3337 14.1337
88.6 14.7792 19.5455 30.0392
88.7 12.3076 4.72431 39.0026
88.8 4.60706 -1.56637 30.3822
88.9 0.753819 -1.33418 22.9722
89 -0.428574 -1.31359 17.5926
89.1 -1.22157 -2.25306 13.6082
89.2 -2.69504 -4.92747 11.031
89.3 -6.18516 -11.3566 11.5981
89.4 -13.0101 -20.2789 23.2157
89.5 -14.4223 -10.0457 39.6517
89.6 -7.02991 1.10461 33.516
89.7 -1.4165 1.72008 25.1397
89.8 0.365253 1.54196 19.2123
89.9 1.29239 2.39532 14.8673
90 2.77719 4.98632 12.0395
90.1 6.16252 11.1291 12.3634
90.2 12.6569 19.6067 23.0644
90.3 14.378 10.6396 38.9328
90.4 7.44203 -0.500063 33.6721
90.5 1.85877 -1.28927 25.3662
90.6 0.124202 -0.897228 19.3537
90.7 -0.515999 -1.15279 14.8467
90.8 -1.25043 -2.3171 11.5064
90.9 -2.90008 -5.45312 9.5068
91 -6.96956 -12.9882 11.2563
91.1 -14.4686 -21.3918 26.5333
91.2 -13.4745 -6.4342 40.6742
91.3 -5.15386 2.32308 31.927
91.4 -0.325299 2.35823 23.9877
91.5 1.33399 2.72905 18.5247
91.6 2.80334 4.80676 14.8775
91.7 5.67683 9.81022 14.1029
91.8 11.1287 17.3791 21.3199
91.9 14.3531 13.2853 36.166
92 9.1151 1.67822 34.7669
92.1 3.32878 -0.25611 26.7689
92.2 1.38606 0.52747 20.5119
92.3 1.26114 1.57337 15.8168
92.4 2.12545 3.56238 12.4791
92.5 4.52743 8.19031 11.2396
92.6 9.96134 17.0752 16.8493
92.7 15.5164 16.8756 35.2582
92.8 10.4131 1.38538 37.0949
92.9 3.00155 -1.81808 27.961
93 0.175613 -1.42814 21.239
93.1 -0.830075 -1.77206 16.3274
93.2 -1.88918 -3.3958 12.815
93.3 -4.16119 -7.58943 11.2531
93.4 -9.26324 -16.1334 15.7388
93.5 -15.3936 -18.0821 33.5768
93.6 -11.1067 -2.34705 37.8882
93.7 -3.47349 1.80595 28.7576
93.8 -0.321122 1.4329 21.8086
93.9 0.741668 1.67641 16.7479
94 1.73681 3.12623 13.0912
94.1 3.80934 6.94149 11.2342
94.2 8.53741 15.0813 14.6388
94.3 15.11 19.1387 31.5282
94.4 11.8362 3.62562 38.6712
94.5 4.07381 -1.74862 29.7056
94.6 0.511272 -1.44065 22.4838
94.7 -0.634517 -1.5703 17.2462
94.8 -1.56347 -2.82562 13.425
94.9 -3.41547 -6.21565 11.2558
95 -7.69817 -13.7871 13.5178
95.1 -14.5464 -19.9615 28.804
95.2 -12.7094 -5.55731 39.3588
95.3 -4.97464 1.56078 30.955
95.4 -0.826513 1.42626 23.3717
95.5 0.452842 1.39503 17.897
95.6 1.28778 2.36434 13.8565
95.7 2.81639 5.12444 11.2781
95.8 6.40083 11.673 12.0158
95.9 13.207 20.2136 24.0346
96 14.1624 9.43764 39.5841
96.1 6.78182 -1.06626 33.1537
96.2 1.41907 -1.55811 24.9151
96.3 -0.253876 -1.34291 19.0359
96.4 -1.0839 -2.05402 14.6875
96.5 -2.37293 -4.29442 11.7263
96.6 -5.35215 -9.81035 11.3457
96.7 -11.5909 -19.0429 19.9498
96.8 -15.222 -13.4363 38.1976
96.9 -8.6799 0.16865 35.1922
97 -2.12181 1.73698 26.3797
97.1 0.0776528 1.40177 20.1027
97.2 0.986379 1.94765 15.4862
97.3 2.17572 3.91611 12.2662
97.4 4.84317 8.84913 11.3362
97.5 10.6105 17.901 18.0745
97.6 15.4657 15.5467 36.5838
97.7 9.73519 0.703618 36.3096
97.8 2.64607 -1.75835 27.2887
97.9 0.100678 -1.36771 20.7562
98 -0.840429 -1.75709 15.9606
98.1 -1.90261 -3.42988 12.5371
98.2 -4.22383 -7.73287 11.0814
98.3 -9.44506 -16.4431 15.8875
98.4 -15.5033 -17.8668 34.119
98.5 -10.9217 -1.95487 37.7411
98.6 -3.26726 1.91202 28.522
98.7 -0.189363 1.5475 21.6397
98.8 0.898425 1.90287 16.6445
98.9 2.01946 3.60604 13.1025
99 4.39729 7.96363 11.6436
99.1 9.62127 16.5065 16.6232
99.2 15.3292 17.2873 34.316
99.3 10.7511 2.07576 37.3452
99.4 3.38035 -1.59396 28.3654
99.5 0.444352 -1.1689 21.5339
99.6 -0.490959 -1.27233 16.5071
99.7 -1.26876 -2.33515 12.7852
99.8 -2.84766 -5.2606 10.4672
99.9 -6.64171 -12.2386 11.641
